R4;
1

0,		0,		0; 
0.75,	0,		0; 
0.75,	0,		6.6;
0,		0,		6.6;

0,		0,		0; 
0,		2.75,	0,		FS;

0.75,	2.75,	0,		S; 
0.75,	0,		0; 
0.75,	2.75,	0,		 S;

0.75,	2.75,	6.6;
0.75,	0,		6.6;
0.75,	2.75,	6.6;

0,		2.75,	6.6;
0,		0,		6.6;
0,		2.75,	6.6;

0,		2.75,	0;
#

1

0.75,	0,		0; 
3.65,	0,		0; 
3.65,	0,		6.9;
0.75,	0,		6.9;

0.75,	0,		0; 
0.75,	2.75,	0,		SF;

3.65,	2.75,	0,		S; 
3.65,	0,		0; 
3.65,	2.75,	0,		S;

3.65,	2.75,	6.9;
3.65,	0,		6.9;
3.65,	2.75,	6.9;

0.75,	2.75,	6.9;
0.75,	0,		6.9;
0.75,	2.75,	6.9;

0.75,	2.75,	0;
#

1

3.65,	0,		0; 
4.5,	0,		0; 
4.5,	0,		6.9;
3.65,	0,		6.9;

3.65,	0,		0; 
3.65,	2.75,	0,		SF;

4.5,	2.1,	0,		S; 
4.5,	0,		0; 
4.5,	2.1,	0,		S;

4.5,	2.1,	6.9;
4.5,	0,		6.9;
4.5,	2.1,	6.9;

3.65,	2.75,	6.9;
3.65,	0,		6.9;
3.65,	2.75,	6.9;

3.65,	2.75,	0;
#

1

4.5,	0,		1.9; 
5.8,	0,		1.9; 
5.8,	0,		3.8;
4.5,	0,		3.8;

4.5,	0,		1.9; 
4.5,	2.1,	1.9,		SF;

5.8,	1.9,	1.9,		S; 
5.8,	0,		1.9; 
5.8,	1.9,	1.9,		S;

5.8,	1.9,	3.8;
5.8,	0,		3.8;
5.8,	1.9,	3.8;

4.5,	2.1,	3.8;
4.5,	0,		3.8;
4.5,	2.1,	3.8;

4.5,	2.1,	1.9;
#